22501
89287
15665
16422
17555
8356
45024
26818
17834
1207
6410
80420
53141
85450
11958
9291
30116
63704
19202
76982
27776
59827
63916
46974
37816
46194
6254
47536
41370
2838
98976
74661
46558
27863
66305
41024
78780
10031
67184
6660
606
54243
85844
75119
2799
34762
17500
25079
20467
48315
1921
80896
26768
45975
52679
48503
32490
12752
23362
878
58765
40821
4438
58899
19299
31707
33878
70831
53221
18441
1870
84569
4910
19200
77692
7508
89676
11973
14713
3052
23791
18125
7286
71752
38596
92036
18497
50348
71131
73945
9543
31695
89635
98122
58451
90771
72152
94599
99669
91654
70611
24933
56158
12820
72160
52962
17575
5735
22413
89456
70321
79996
38110
77217
10407
35331
68861
58477
84287
9203
17038
18946
55168
53671
6625
61832
32446
24825
79617
84335
53120
14906
51337
66456
58851
65803
22326
41630
86391
86875
9432
80575
67111
35517
47682
45898
86518
89316
80897
15623
45637
84574
39497
76637
97425
86667
20330
34948
64377
79353
1249
45864
26621
98878
4364
81270
29441
4976
15126
80934
51249
42532
89680
68421
68064
88993
43072
48094
56073
90432
37075
69765
51702
99491
87118
76160
45566
69647
16450
69746
92456
66791
47966
99268
49870
2662
59966
66386
20862
59769
36385
59600
28730
74615
26105
99095
20543
26237
3740
13553
67490
83498
74775
61916
25142
35220
39041
15902
50347
43750
79405
76229
96080
41079
98138
41721
47417
38439
93573
27617
70299
35416
49534
7599
6644
52039
80408
55561
20360
10245
46617
5877
92103
15991
46257
77248
79274
76678
28648
68299
15451
92612
82608
60690
71316
69212
50586
93338
68352
27476
31588
11223
34495
2146
43344
85719
20837
30184
19695
30639
99553
70701
6396
81727
9594
78170
44134
94468
25205
28333
96069
44027
56884
54717
16142
39341
46297
81388
63841
97947
28361
67074
33856
30055
87819
31435
77498
50716
94255
47887
645
31516
74027
14057
98153
8548
23873
8711
39801
64125
78077
42430
47805
57410
73529
94886
62859
96521
33059
32761
81365
51408
16631
86756
56219
4006
21190
95367
2401
63667
76344
83407
89339
81508
47629
26829
77092
31703
65663
9555
91119
57663
18691
3242
92308
83925
76367
42131
95532
72699
17397
94744
73848
50254
31469
80814
6075
44007
1873
62122
51657
43086
81186
20637
24023
22525
43369
32173
82513
47308
27415
60849
13994
12701
52365
7304
49966
88102
83576
57719
7956
58679
34228
19549
56783
18823
99025
48341
63556
54112
68723
38216
3125
8419
24083
10764
44348
61945
91075
8861
93363
11895
1295
8629
6864
65421
75999
83307
75535
92587
39705
53254
30631
72432
35683
88989
35806
89425
582
75020
44760
22403
86414
8756
79947
70181
42413
56752
34606
22092
25856
10704
37200
86700
33130
54484
68004
15648
91420
57031
51194
64759
66134
35189
14985
74843
73639
34634
45545
11935
86735
22408
12381
15524
6182
22564
56621
41288
45750
13406
64273
83180
8387
50268
25194
55264
30379
85250
55051
75277
92361
39599
10292
82878
4787
3127
36767
780
7683
25880
69075
16421
49202
77212
97558
96632
30848
24363
33984
13280
1201
75657
24298
47083
90609
15731
91493
8357
536
37393
35463
14790
99593
77113
15361
65076
23956
72672
82444
63670
14939
80317
30753
19671
26674
71580
34535
10483
37280
51964
23015
55617
33538
82438
48124
92701
86894
19338
42279
83985
27188
17784
75423
17023
86049
39959
48580
47054
17373
3013
56660
75406
90741
21868
87895
70281
88435
99869
55605
77481
39625
27692
28360
43392
89484
41480
75628
84855
5085
28053
41874
27543
45699
75496
25332
37838
64564
42686
58403
57214
85523
14457
54460
54216
14674
48665
63129
72240
68377
22771
84387
89453
73503
65744
26213
42703
4213
20644
34492
62189
17602
25800
75851
35979
87369
80951
23627
94148
2087
50722
2272
85786
22776
61649
89158
98807
25721
46807
6410
75998
7592
31440
52917
10611
4615
39194
89091
57156
79168
9229
33682
7539
45250
92503
246
11425
23210
88792
64489
77112
78269
17656
92672
89749
5009
80384
17689
54256
50188
81148
66895
84521
65604
19114
55440
65777
25605
48479
74150
50258
47633
47703
90706
31900
59073
12822
67767
60461
45386
75392
67506
70652
19579
94898
41159
6211
84931
39163
5238
54854
49423
64666
61773
94116
42065
29077
3991
84729
44636
82227
7442
28941
684
92823
83550
26397
15042
3577
9297
53796
95437
76450
27592
2693
46980
20964
73016
50648
49520
31637
3715
95183
56807
37574
67525
15651
12371
24580
6222
99232
78577
44969
80778
99209
82644
98336
42076
7722
6794
52628
55913
51705
97463
80979
85105
28775
46301
64900
39896
25480
58141
39202
85858
29085
67223
43252
79230
79610
95758
53355
63257
79833
19655
44503
48307
37627
83407
20390
27599
33462
16604
94682
99843
18815
72684
45510
56080
99317
54058
261
66603
13512
71695
38263
11418
60388
32164
13912
39450
21534
84486
66783
86013
39801
57667
13424
95441
341
31072
18398
19227
61846
84413
63969
16067
22892
75312
11855
19145
81284
49614
18779
66933
12522
13384
55623
79788
98009
9202
34854
69759
22369
36319
35539
86269
33556
12136
72071
31400
62413
16043
78715
72037
95837
26032
83835
33549
90259
75207
45091
62561
72296
44557
72697
40826
7556
22414
37734
83902
51856
96964
85746
90094
39897
84701
67067
49725
69405
63419
45778
83036
12918
64500
37554
12816
22592
53050
510
89124
45225
78197
60629
84154
56564
62060
20309
7869
82473
51875
88201
15987
91229
10015
11440
86030
64249
22916
70476
49217
31242
83071
3395
30512
98596
10623
8470
13312
55507
72734
4732
47373
89792
96958
2330
40699
22461
97103
73121
40356
71085
48877
11588
23631
45907
73830
51572
34946
82741
26072
74202
10990
69260
10329
31888
44265
54091
36432
9084
11737
51498
93409
77418
64780
30894
4839
78885
28165
67190
52217
26098
45265
45669
73199
98441
3255
87975
90493
36177
29165
15969
94238
74743
999
30458
95148
56107
61931
80736
22956
57783
31904
56
89703
43324
74597
18982
9426
14763
13310
97684
99375
38588
84168
28707
16428
49327
25646
85260
24489
18077
7060
81458
2584
36281
47921
56262
54653
54377
4921
97461
5493
55195
16024
22130
75154
48742
15995
48604
92708
79550
65321
53195
4820
211
72879
43901
96106
1703
33496
88343
28398
58698
30171
12218
89035
5012
22670
74660
43312
53854
27417
22016
40208
35645
55141
53355
18345
10716
31092
19396
1793
62677
33130
7759
45453
96491
68072
21221
13868
52423
69113
23772
3151
1613
21126
2863
63388
43547
81668
55690
91240
25470
61613
7956
91169
83248
67820
73592
97198
26770
8146
95538
9998
10177
12101
59763
2621
77688
84600
59473
70357
12003
41430
35310
49137
77499
96632
57796
90413
76258
90518
28714
36105
3933
42554
95589
26828
89065
74576
53517
16933
37915
8985
38202
8365
25080
3551
50444
85833
90894
85315
8308
82507
56397
92370
13155
84567
53414
43030
70732
41603
74814
73065
14008
90456
60142
61924
16807
22486
38299
71509
31166
80659
35821
42607
56593
85796
27950
96347
38669
11860
51809
81453
58690
21105
43260
98737
25900
38342
42435
70564
39006
6435
85474
42751
32490
19001
31367
54254
50350
4897
18426
50624
87294
7260
90554
22998
97385
6901
50230
41342
86411
50243
12484
89177
71056
99787
25697
75352
87648
10178
6662
95750
40011
54031
14819
59359
97041
69551
52891
8318
96366
2866
12091
1107
17985
85571
71544
89492
34520
43878
16676
714
67802
56889
99565
16812
91792
2556
14162
81002
93265
39821
26243
84224
44328
5293
73588
17098
61860
62974
49309
80118
99516
56334
76337
90004
91613
8557
89113
78635
33873
38809
48013
37317
21582
23131
34030
4459
58360
13674
84899
23755
25268
90702
23405
3445
74634
71775
93417
43621
42709
53164
92706
47419
60555
98743
37425
60327
33860
62013
47474
7647
16393
40116
52676
62579
27130
14765
23324
12535
45563
67832
5702
38271
76028
60903
36154
23306
84932
21387
40055
26613
40473
46010
2239
98576
78223
63314
8462
23022
13451
91384
81815
43990
28818
65657
35005
26294
58482
73714
47564
13655
47629
51754
88114
42347
76190
26812
83453
55523
32746
78131
93809
22365
19268
72047
14374
81147
81500
80836
20732
99087
41477
90401
77916
35570
80161
23630
96301
44852
60044
29806
36368
13293
85090
29860
58808
52882
40302
28562
59945
93764
57168
65021
46604
71810
91625
1740
92652
81022
6630
17711
28784
90125
36839
86077
72085
76120
4011
80245
17735
75120
85818
73286
41661
12158
98414
99338
8366
44600
47583
4493
91347
68106
13740
66267
423
36221
47160
89861
48766
31809
87289
45565
99053
37989
92687
84566
51340
68355
14132
1536
8526
91153
35550
64615
77230
31846
7648
90056
19138
92742
69296
84784
59532
21260
19363
24594
74640
93748
73588
84325
72831
7586
86980
67672
11953
66322
63996
67859
83730
60285
21294
79563
76211
6244
34393
31393
36257
5884
81194
65177
84179
6519
6592
72498
61244
89835
59944
29126
9441
26145
46567
3199
96197
10332
6774
14292
97375
32099
47175
70271
7245
52813
53958
12861
92610
29448
25595
37505
53882
29030
29004
80181
75663
93445
23424
36046
67524
71033
93854
67754
16094
72217
39827
19881
67315
26018
49074
72613
99482
46732
2261
99920
95362
32103
77282
56713
93759
16817
19018
75546
41919
28983
81483
90353
6394
57573
82708
21976
11304
23884
42120
73395
15532
32015
62300
50998
32590
73418
83451
75168
32295
57472
90602
184
64245
68448
29125
18563
95790
76978
33735
98847
2194
45123
33097
82560
75961
10827
50434
21636
92587
23607
44748
66900
28366
63960
76839
82233
46810
55720
65559
30809
489
72116
57769
29389
14858
67786
26611
48736
99092
11296
3224
82982
7320
85726
85547
11862
21519
87562
20811
58822
6738
63662
54861
89217
45001
79912
74488
59144
57819
88046
7305
89506
23172
7995
42070
84641
50180
34267
12240
22131
63604
8431
99457
57761
59316
48349
65941
86248
13536
9047
36054
94385
55265
10822
53999
60847
90623
147
56818
88565
94676
67857
9300
11729
65980
12747
6454
26121
64073
93222
14079
20017
76947
69714
27173
88037
71692
72242
74379
79689
63473
50374
89764
67611
62684
55089
7126
95954
1110
8172
53689
6901
60875
4902
95518
51514
25206
76662
46957
51193
21595
12607
41734
53741
79219
3390
69769
6759
14914
68403
59378
98990
1572
77418
86588
89143
75878
28997
40678
94716
62994
79912
3794
24412
98338
61344
44810
31536
73077
65872
8190
48837
29215
32026
83816
70299
82522
51559
17937
64121
79675
50835
39052
24234
39552
69880
54655
25400
18597
7285
5603
8579
47989
49210
50497
20030
40125
51443
57340
62695
85885
49007
91725
3905
78232
6571
39305
67120
8779
35040
6528
12624
58266
78150
99198
3026
87046
61539
79700
26995
64923
6773
32625
47259
91461
94871
35049
14063
84866
67763
48696
4756
563
91844
6112
32641
29036
62023
32173
74239
75115
45406
46746
8224
60101
10848
53485
22104
30940
68481
10205
3357
31404
35801
7092
60535
1925
65907
88751
20355
25299
65044
66338
42570
72345
49222
56952
51673
17629
26497
14616
41917
83068
93301
15620
12796
92510
64469
47835
28979
90468
16291
33278
8648
4510
76565
52400
12747
14489
10081
55190
80110
31254
41675
48190
48637
91701
72103
98747
78268
86640
93580
64238
30237
84292
51096
44577
63642
12170
80314
28814
49172
82373
26304
70620
86473
90515
64189
45577
62892
40742
75254
29667
58820
39565
9642
85328
79490
4235
60956
6669
27584
24137
94622
8211
6035
35623
66300
45174
78893
72621
2722
52424
53490
29120
78794
30747
29652
29649
86118
63459
72013
95279
81318
24921
4728
27356
9255
97884
60301
38909
54425
13873
46839
55851
67914
88556
23572
81575
89428
52167
28072
27947
95936
77039
86302
11771
18870
79422
80541
52794
76355
75490
83490
36920
77509
25117
90528
30633
50709
94918
50480
39249
29713
15916
75415
65340
38917
70747
12531
75274
21685
54679
38561
63367
16586
60261
47630
96729
44983
66345
97367
16914
79079
48874
14272
2918
26918
96946
31054
42454
65832
80210
81154
21098
36377
40706
25522
83902
77249
64517
49765
92211
9811
91883
18154
34822
23860
9104
30581
9022
18115
71937
59224
99391
25353
55071
98875
57851
87069
88989
51511
7368
99252
94852
77396
80525
9124
36501
41629
6550
54036
47726
38365
33383
11682
5958
48120
17228
96240
85042
8
79471
37227
43082
71667
74851
79194
48390
82693
68222
70528
57377
82639
30019
31757
54816
13980
97469
50503
43692
78572
63271
54001
40794
37775
6792
23541
59564
37631
27133
53235
73073
26522
87439
37286
12487
45563
96195
45807
67937
15252
8080
52513
8643
39115
29067
41192
90730
57774
54942
72470
15433
23827
14455
71564
33262
1232
10908
98113
25058
38003
74173
83666
29552
41600
10178
20838
78077
40070
9059
98237
95317
7228
8598
22068
72647
6653
54339
60952
49926
45532
70324
24197
3824
40358
19848
49113
9964
29651
16615
4217
56460
14536
50447
93408
92146
51821
55180
75680
47759
82630
90599
2646
97318
44016
71381
98479
25392
81529
83888
76016
18936
95516
44100
98887
84262
2681
64383
95500
12985
83789
32875
13747
33165
61810
99640
79824
62909
90549
26162
62567
25986
49328
52530
60144
95417
22820
7473
76772
5442
51509
35222
69414
22725
72738
35152
90352
90607
22687
22944
81305
70522
63793
3598
28256
21002
62117
7708
7416
11956
24973
10423
3472
34873
75096
15657
12638
36624
66413
76588
18343
85890
10948
87257
20685
44367
71681
88095
95894
72174
81262
34831
63381
94225
10547
22803
31031
17607
99925
56959
24620
32250
88008
65247
7183
7929
56978
37968
50772
89265
44062
31916
88910
85204
35546
83741
20186
90651
50765
19858
3531
45191
16952
47983
55346
76163
78184
48286
778
86214
57845
1700
85598
82293
14619
5551
48280
3877
1714
77739
34950
74686
83596
83380
41579
33627
23978
16581
88223
41645
18875
25615
90948
51616
42451
40197
41830
39797
93796
80756
47022
88238
32155
21744
27652
81800
17465
14474
26846
93090
53804
73726
2089
89309
76170
68360
63602
33180
82826
5110
59090
82666
59166
93017
27028
10522
77873
44693
4068
54089
19129
77944
72534
4257
46169
50311
37264
93399
38038
47668
5461
43988
80468
84268
34511
48144
21228
88045
35544
83898
45676
53364
18982
51028
66571
21300
81328
25915
81031
67139
60321
21765
54205
15950
10295
72035
1412
96141
39064
91910
15111
15249
39507
20414
73565
37818
81870
413
64167
67590
86833
91097
66341
41667
25166
81553
10005
28581
74508
88999
47337
25266
13871
45164
4548
50971
22085
43769
75697
87174
55183
34105
81503
39206
17450
75204
6525
26028
79801
82982
23246
18391
47377
55231
99081
92454
15521
36035
73681
65902
16571
2273
35627
30888
66787
98945
43169
82978
49588
45895
93586
63157
40361
3476
47347
21174
81871
5675
40934
28390
19716
47793
78390
54980
77323
38989
85644
86755
79184
64176
72177
21366
4306
32686
32801
41671
92210
49578
54408
79527
14551
7184
25532
35103
83675
19003
22358
87557
73045
7191
75566
93899
15331
90624
63698
97682
80308
39018
94722
91388
17584
46586
97452
10878
55589
52017
44383
22612
54159
12489
85102
23534
22402
89400
59395
11912
6135
84338
79325
43128
71505
19467
23047
36032
22219
90329
89142
48132
23776
31096
19167
83989
70358
36551
19475
60876
86535
89967
5657
13746
69518
74244
14086
21180
27499
2596
86171
97620
23027
88413
72954
36562
30455
21899
14502
70281
68558
49407
82327
81374
61026
38171
74679
56052
60564
2105
53404
43075
92813
9068
36962
38375
54019
36030
27140
11764
38308
41208
37975
31910
85761
60928
79812
16215
21626
37980
1023
83242
57154
57622
10376
29061
78575
71864
9086
15675
73984
99574
98619
21319
55563
23114
19568
99285
39330
36635
61213
94298
65985
2903
60365
57860
23063
28319
30092
67019
91119
23330
95686
5895
78650
77089
21886
62875
8762
11282
76615
64560
41357
12833
75107
95740
71604
6608
81109
68321
57791
14974
72325
52274
31128
11878
67728
12816
25192
59198
44136
19379
59498
28224
81583
22211
10474
52294
99820
18119
36856
93678
39112
94836
18223
91325
84552
60903
2589
45824
85255
63951
69327
86701
85326
95169
30267
59496
51251
30158
63977
93922
42540
4594
80926
43739
25806
49251
63462
86856
54598
1162
7997
36752
36019
60142
4187
4752
64991
63147
70458
99134
32824
52994
68581
7531
87471
67306
40414
14786
2667
15140
72236
96333
10059
35116
50336
73334
10391
83403
12322
30763
9889
37066
22973
58331
44830
62753
10723
45565
6651
53677
19006
15311
97949
58591
34229
36188
20185
53329
56311
19575
39629
64308
73479
22340
85945
62150
49507
37110
85565
1759
90131
34355
28593
52010
72203
80531
26651
18736
30045
99079
12304
55311
23646
24599
75690
10570
94995
49476
29122
54811
43704
69836
48747
77252
72876
61611
22539
43618
8477
34206
56310
47874
84907
31012
64232
26702
42204
76573
31423
4576
90876
8564
64083
12407
14446
44377
84819
81927
17715
56967
97950
76043
76277
81668
79322
40854
65809
79751
88532
87591
91392
41651
42164
38074
65632
66466
52540
21082
7427
87613
53662
49109
80692
95367
3991
36201
49249
68282
78284
4186
13993
53353
24063
50149
59684
27140
71086
95182
71209
49946
89544
73366
12160
49337
68461
86729
77637
42353
32225
819
27285
470
78668
5042
51097
72132
41009
64135
1964
37213
76137
16038
36202
66638
25211
92621
82615
87471
16283
17170
51656
66857
31484
98965
39954
16979
32691
17492
32846
40981
266
69692
99622
7949
84925
67677
46271
76463
33524
52983
46210
32167
8030
27345
55592
80474
89926
91400
75106
94314
39413
87812
60163
35513
55940
88038
5578
3685
18651
9854
22223
27858
98283
71066
15593
84773
31301
73208
43482
32268
65653
80284
74265
92347
43582
47229
33529
85041
93459
75321
79418
2841
60367
95401
51692
91500
65522
74128
61212
97492
51129
82605
70237
70028
86265
42415
38292
93283
36919
25992
49375
66143
51719
17946
27714
75229
65023
94830
56592
83831
55638
39236
6131
3871
9823
51205
25145
79816
35708
44340
73723
21284
49313
79907
11530
34055
94535
10017
68312
4746
45833
39985
77505
82252
30
10390
63412
27443
45939
8746
30209
63568
96932
60078
6593
51456
77079
79548
13725
81359
53110
44024
89596
20440
55335
43333
62444
30631
63081
49267
61996
17727
47885
25494
65299
59543
86575
94035
45601
8287
54063
20883
54401
3680
89265
69594
97879
96801
44749
16561
3884
63495
58483
55327
84370
43220
8703
51926
78262
22480
77364
52458
91330
75717
6393
57405
3084
76644
22605
70389
26174
95141
43816
29007
41698
65259
19503
89100
16682
3046
19411
34281
69946
14738
77799
56877
81811
88413
30460
17404
74492
48070
22300
49609
21934
65473
87295
70472
2525
38967
50380
85888
49214
74218
42064
84639
15290
52278
96756
66184
29486
82738
3838
77192
53659
85270
10887
71815
39344
92887
22420
96441
64690
37550
36499
98388
12582
45430
97012
70684
64571
68084
29025
85465
61911
29553
52572
30602
2172
52291
92468
58963
88022
83466
61411
16562
77667
26038
26374
96944
41600
71941
37754
90802
47853
15562
31855
78031
87516
42249
38124
40988
48443
11551
35968
34499
98810
17343
22848
33779
70043
51287
71489
38640
55479
81713
5748
90187
52967
86517
26777
71180
23733
97676
54081
80907
61407
78047
46084
88831
77476
6366
91995
61198
92943
29468
54716
36515
88798
87576
31568
3997
93806
42486
90546
5027
45284
21100
2662
92630
18394
11065
90963
90527
84612
81103
50622
65480
126
54033
29797
19143
51764
55800
82741
38612
22477
68784
98345
31835
35413
58303
83679
40845
67686
41989
53080
24145
67122
26142
9900
96152
10576
75685
66632
47886
82624
61459
85958
83692
84284
43301
48294
68907
766
28027
86382
40243
52552
81629
33787
77521
54484
55448
46211
15655
10488
69446
98793
56765
98101
80524
80156
95093
47677
7036
9357
66556
70398
9947
81739
94333
44687
22685
19772
57039
76822
1868
90522
15631
16468
47752
41831
40968
17806
19720
42703
16014
2009
13566
35097
96459
44800
60761
20105
26225
92661
92804
2453
93165
95794
11756
5122
989
22347
60959
13530
87224
71090
45679
11788
86667
73253
40981
63457
7493
19544
79059
33622
39912
77979
99122
99483
63999
34249
1674
29062
81743
50476
90656
25301
86182
90863
64393
42687
21680
34082
2349
6613
77449
43076
19207
31098
97197
20432
32489
78108
19818
34214
8316
42830
21591
90772
55140
98403
60318
59297
51842
91785
30932
90039
93972
37088
43722
78027
81335
73077
69916
5609
7693
98560
68070
93728
34457
90454
47863
55336
89030
88428
46013
28203
65159
86377
90688
94039
82714
46246
94059
85631
42630
52772
67172
69320
81700
54282
12477
96919
83066
94650
43715
35957
66113
49999
8084
1884
68328
3798
36014
23008
24337
36933
32162
48413
51578
96412
59303
60408
93174
27991
16746
98709
14490
93773
30915
3477
23092
98248
19587
81162
44372
71969
48074
94777
13391
97591
19926
38857
21688
62092
981
12654
61839
74428
79707
80781
84310
45531
46127
23116
94942
94666
99840
28696
91425
60086
7061
32305
50216
18349
97
92278
25260
19069
5269
1929
37209
74571
11664
15582
93743
23533
90770
44453
50530
49669
62254
34994
87106
53658
93917
50693
83445
86260
1167
13435
94495
90068
2077
18160
70884
66958
32890
83407
60004
50628
47656
74553
72741
60480
63942
89645
53775
94221
32231
66553
43120
48883
63262
31774
13919
26189
56725
78297
47006
67305
42429
24947
36185
58843
71616
55783
61932
19134
21266
20171
97120
57320
69382
3581
1461
9
68093
86635
44540
77600
91833
11615
60027
20058
53200
1893
90164
23720
31419
90331
75807
73563
23246
83028
39347
27103
68130
49064
6692
60561
98350
67804
97478
43423
5877
17865
91247
34682
35224
66924
66683
99898
87084
47177
97417
67215
7718
36829
84899
66815
91667
74175
52219
7872
82756
65073
35120
85876
37095
16073
27280
83676
46321
66262
48727
25083
74135
41266
72406
23784
92955
23107
29391
18799
8675
34637
73916
29445
45158
16536
4848
33989
17152
43449
29749
76012
12229
53951
20020
57325
45810
57245
28372
72178
18463
20655
21529
41777
59024
88298
54990
41638
53131
37349
94653
59058
7748
82046
70426
78992
39667
90762
80992
82160
74311
99677
26067
40914
64277
98450
92005
91520
17416
8440
70388
77384
97052
83417
76688
42901
58502
38279
63802
62249
12459
40453
77064
64057
59281
5520
23078
34917
37298
70185
97110
42066
41356
94303
70040
33254
49558
30013
27460
992
10062
35150
84980
11889
35821
82632
28543
22139
23899
27900
18464
25956
97087
76121
15221
76183
27087
19063
13059
17815
47718
52839
27255
36161
70355
47348
62856
14973
28206
37333
71768
27744
50341
62515
38168
57090
85429
23858
28459
92375
44660
91485
61987
89675
70923
3410
67848
80319
35746
65703
56759
16347
37011
29560
62343
87823
93600
1007
62342
79050
88736
19246
70786
95222
32020
32027
35780
2478
41880
74569
69975
42972
28149
68735
16167
59155
86004
86151
32452
27110
46029
75157
9125
94820
16221
90129
65801
20337
30550
44356
28536
71394
38032
44539
15913
9076
50781
8507
43837
62313
23227
87521
79464
21248
89314
9204
72912
88464
65789
20554
52237
72161
86325
81044
87473
30822
61801
8422
67393
47195
59194
72999
43393
99928
13411
84401
46414
63023
69670
48358
14757
13384
22048
39439
48577
45365
84479
13458
92258
96084
28618
18960
98376
7586
52958
33815
88382
77558
31802
28267
51508
84865
37040
5356
42693
96608
54812
61220
65336
24315
22448
83503
83233
90014
86222
26855
97479
57777
40527
34476
70913
80949
96928
9772
73241
11390
19340
34868
59634
87048
97620
28307
67270
91479
84636
32007
87496
84879
15423
78823
12681
22412
80354
1196
64150
49215
89926
75389
67294
77382
95511
35862
52080
69543
77441
33779
70755
72841
93891
51902
97936
59918
57020
71219
18650
42449
38849
56269
15086
81816
50672
38255
19461
71990
38527
90449
54758
62272
51182
73476
76040
75881
14523
24772
36630
1309
76180
67353
26891
17430
57862
91946
68988
39711
58932
48287
23573
33890
81252
98640
78523
58544
27412
55120
68081
46317
85962
45968
57142
74580
23272
37777
83660
69199
86174
56106
70132
39467
4570
78514
9044
60667
48154
33610
38874
82828
95074
59274
3962
6624
72745
45318
18515
33450
27822
38557
49936
83076
42312
62622
17515
26512
32699
33848
7948
49450
10694
732
31247
72966
18489
26225
77315
75915
36387
2548
5774
73003
37930
34825
28430
79742
30580
27874
52826
72730
59042
12043
82183
78929
94557
65392
40519
26183
72776
79436
98636
64687
68629
81199
46923
78433
97459
90666
23035
72825
7685
42618
46780
78703
90830
30639
69556
21103
56905
75928
50836
58325
22933
75693
34298
45447
53357
80793
51184
14062
62005
88578
11441
75665
62928
18646
74348
20432
75023
66867
40833
44539
80996
24594
32328
4109
73716
31473
97457
31176
48075
21117
43878
81422
6026
26745
82988
72025
40091
31213
64584
65016
90789
78189
38367
89318
29051
71108
42422
46312
9262
18238
96184
72643
29123
70703
86550
50328
17215
88547
51464
58142
53599
57699
49650
99578
17029
74369
44194
84764
28172
46816
39637
65849
220
66402
43641
22081
80089
10063
61869
53949
18966
15488
10149
15367
95015
357
84426
55717
43348
5145
2814
13763
81257
19872
68893
55884
26282
76185
80607
43141
29508
38726
85882
95686
14623
35285
33892
56277
21807
90251
76629
1249
80074
13420
74187
24601
36692
57129
74728
24423
3606
70086
91670
36876
37389
32071
28843
61752
67230
36406
39111
99942
6311
40724
74522
98194
57105
83418
35843
91768
55522
10570
2131
57739
34926
65943
96623
44270
1134
5965
92596
37810
89193
90335
24341
88461
62414
92331
31649
54323
25380
11212
61856
19124
56984
41148
53403
42194
69814
93796
26491
76188
79827
29889
2953
81548
29095
78965
62837
51994
81528
64487
32498
21403
80401
71479
93887
14458
66929
81475
84161
6800
72928
73871
45483
67619
12893
3444
78816
88569
64370
7944
99727
93975
49353
77701
24668
83770
79256
34201
28992
20465
83351
2634
39751
76469
84499
77219
8087
52742
15867
36160
81744
25988
23575
19794
55759
36135
9208
75023
20428
61915
62538
80761
91108
37755
65062
1449
83313
58472
83109
85464
60308
16455
22863
25450
98901
83477
30993
26039
81057
46215
27693
96823
6163
53698
82060
16874
41293
17555
81102
86657
1285
48621
18017
27116
35293
2045
56176
59649
7146
12651
62227
5734
88406
39663
3620
93403
40673
53838
69874
14055
8322
45328
70734
55965
12076
22654
32131
10218
69964
59613
21442
38302
7150
61314
24699
81877
48927
93905
57161
84385
70637
10902
45060
10486
11306
50143
92698
74897
43888
88116
96407
38566
9310
18612
61952
28484
27616
48973
84640
90407
11598
80824
11002
59099
107
68110
93469
84391
29837
82251
45525
55005
27900
56510
17470
31805
98035
48138
71156
34433
25124
64284
9734
86152
36952
54536
91784
91554
8980
46435
47720
65205
14423
24215
91928
39338
85152
807
29930
92759
32620
82367
92922
77674
93084
69014
13413
64974
99414
78979
69751
38493
21474
16089
83554
19587
1877
51233
36970
61002
60042
59090
75326
78439
40364
90672
84801
65537
11856
97054
97030
89849
58655
9889
22330
23290
83730
47250
73147
35039
16278
6751
64423
48027
93743
76064
3311
61993
16536
99441
66730
53584
73288
1200
68678
99635
95984
95605
12473
33139
32801
70537
31445
2753
40747
37284
31386
89507
43777
63463
41606
5026
57528
62067
69608
24878
75565
6756
13586
96175
19334
36973
460
73193
33872
97265
39716
42570
56872
70651
51140
7604
26006
47835
6492
13986
74900
72638
23678
2872
66028
77480
32393
98475
35487
93201
76861
77642
41090
47545
84813
12136
2338
29097
62547
60935
79592
14920
63933
56483
51192
70454
90085
14072
61555
2473
3518
18832
28477
2561
18762
46957
6841
61834
84777
34703
20272
89454
58603
37827
67632
84276
88327
88009
51697
53145
5060
21984
58579
59561
91444
78896
38563
60954
14881
44595
46684
51878
95231
90785
33866
95779
55681
63318
54986
16128
51720
43778
98766
58814
31638
8142
69725
97992
58017
64454
93526
10929
89187
16295
90068
51145
65678
8261
31757
94523
53980
8409
80469
71654
2916
44071
85568
67062
26153
43848
88965
8702
48204
26936
8958
47029
71330
75677
91659
89322
11265
74482
99670
59845
23859
26096
73841
26235
16653
43896
97371
32013
12282
16127
90754
3582
32880
4278
42915
87375
32068
81493
4845
40249
95993
64004
42403
88966
50963
95334
73312
31021
54602
13922
66228
73672
28538
36303
20973
22227
29175
41947
62833
88132
51742
25208
95143
82817
86791
41476
36214
87074
41847
59539
3621
36612
77745
66267
42178
88807
15404
38140
41758
28869
48640
49066
55733
20176
346
75352
98667
5062
69263
4067
89810
36307
9901
84760
9641
91524
18541
96963
11230
54371
69221
35733
78035
76116
25946
76336
52606
83467
12658
62643
90635
12615
10567
19677
57373
86639
90904
36255
47345
42632
83610
85891
19363
40656
81803
25267
15946
80762
64999
70631
9790
96038
67219
30383
44442
66204
15511
62521
78940
29189
28905
82015
3530
49735
90372
91760
78159
22203
3864
7129
58978
9100
8219
52688
14311
12845
88892
82237
78287
18807
37752
34662
56027
73247
32006
23765
55902
21905
44045
45735
66112
77035
77653
54228
81470
89239
50042
7575
72271
9894
53085
185
13218
49382
84662
54814
93475
43232
29540
62891
98780
27856
8868
60657
96984
52482
32608
77627
94915
40773
48478
51729
54733
36943
61561
2535
47149
97485
69326
83525
97570
24645
55981
88307
11253
7242
50927
33984
44890
62555
16550
79471
24213
25145
72112
71231
28730
96994
54277
15062
81965
14255
25712
30441
37927
77862
55675
24426
87834
5789
19874
41775
12172
17228
38442
74683
27199
64493
72586
16651
96305
90483
27111
96671
42303
56228
30878
21378
13316
7925
35035
71640
92640
51872
40582
67972
99187
36580
92253
49139
91369
64506
98652
36904
30896
87951
93177
2725
44644
11107
66796
19955
52075
31068
41611
23662
60188
98087
30773
71599
79355
85837
28420
75991
12575
76430
70533
63797
47285
44381
7268
65397
2621
79992
47968
34534
5426
2626
47741
31749
28968
91838
99321
63019
65325
73290
96790
89424
6993
70742
49718
58106
64386
29344
14149
32454
64496
48397
37616
86129
97616
62405
15539
14052
7612
56140
81936
17690
31639
78169
85980
89424
64687
67413
58035
7176
63931
56753
56684
80921
36867
4228
18247
20182
57214
54144
14850
49529
54838
92112
9899
90636
7209
34832
84016
71092
89033
49609
3346
10555
11459
96007
46456
2552
63165
35865
46624
34237
26232
22341
18032
44445
19604
59365
11786
91928
49331
43490
13534
37700
98133
87659
75738
68250
66851
50770
84637
73530
91208
82467
25065
1019
11065
37954
8886
55571
35350
52096
60419
53696
61512
78970
49831
35345
938
25902
91366
83859
84420
42970
40671
20348
22610
29971
50978
7278
14179
7615
90623
90376
40093
35823
12665
74959
24574
78813
72026
98452
69470
40286
27712
82563
7504
24483
14517
96327
99463
70674
65372
30781
18837
82940
31175
14035
37199
86299
44550
31772
40364
17706
58010
50964
40012
15329
20903
69451
30293
17803
52263
74767
88217
4517
49564
84954
47124
78870
94365
4277
5937
99622
1618
11272
47467
27036
51003
36351
99889
90103
40650
90682
48579
12681
97777
83761
90841
64971
45750
19458
37987
5089
61091
4825
96427
99564
94393
20794
11415
8101
95749
56334
88394
66044
23979
66152
4074
37646
40831
35955
11004
29532
53778
21370
22411
27598
49577
16307
51112
87331
72170
9001
79660
54291
66800
5316
22712
65284
83518
36023
32541
9350
25903
62854
12216
61899
77579
23154
12565
27205
33110
99235
24180
6910
85891
80273
47945
50062
96998
49166
85085
42941
55687
97555
73106
46326
16819
43910
69828
55779
67948
10981
19467
52235
384
77745
86141
22629
64087
36922
47345
62935
49734
44579
86045
96591
38176
754
78496
96285
17132
58295
73980
8940
65106
49045
96284
8540
82639
15890
8052
99453
48969
84887
14501
65097
37500
68388
55935
45854
25426
18868
59041
75638
42257
44199
6172
51814
75886
30674
51125
86736
22623
55072
29418
82244
24430
39843
83500
17882
10666
73979
95530
997
2552
38498
88878
30132
65190
75761
22113
76426
64896
15059
25673
20056
78140
51812
23027
11796
31439
17285
98636
99673
87074
25695
67241
91066
17824
34769
34310
6403
97542
11032
7051
43471
31197
36505
72043
36128
67716
75790
7206
68862
2245
73963
20143
4687
67658
88685
20327
43375
9641
86302
11464
56972
30235
75399
36382
69185
10122
89266
76943
98349
89640
63194
4252
15951
56092
75281
67135
25601
10200
85614
14388
1678
47910
29522
5044
58704
75201
19189
35613
79114
31167
35602
13293
36895
51948
39467
8109
71278
46738
23354
58891
80395
86900
82294
19903
88443
51162
28734
67471
50475
86631
20133
15502
36396
76614
90426
90975
2927
16515
70258
19223
77370
78166
24981
33728
70085
11417
62594
2074
83700
18171
54463
77565
50640
72718
46945
28921
97892
15546
28436
44766
69329
96660
24295
50584
10223
72969
77432
54865
52224
7637
87512
21978
7762
80017
76762
31173
62514
53352
61373
90986
94567
22154
16499
56361
4530
99129
75565
751
32416
42689
43750
34577
22377
42085
41193
56789
6088
58196
17823
92881
94935
87195
20825
47723
11431
15668
41654
45471
68953
63067
7985
7487
57404
90401
72395
73364
97635
47098
8944
40355
57442
56785
96233
46315
46117
23196
72253
88683
90957
5194
71556
45921
34536
84728
95626
99980
37644
72483
42749
64275
75152
70359
62419
96958
81382
43814
47482
37346
45369
74805
65789
75995
91007
82320
39440
70481
18555
3870
40537
39005
49746
34735
29019
43333
57383
47921
62688
80899
2357
23554
50178
41188
14185
11264
7638
88876
17018
83357
87157
1942
17798
24686
47688
68313
88266
95426
74896
8583
56669
74639
44240
63375
83722
18247
93303
21122
29992
52331
86478
45938
74071
61526
15674
56567
26105
27898
84238
65035
99275
71016
88208
23349
2207
18472
51654
68099
91511
8329
66173
67568
48224
51794
80598
58309
41001
59831
15853
58364
89694
98951
8231
81919
16229
98050
57912
81039
17172
71464
13583
62689
69773
50221
52542
74434
46296
12873
48425
77115
22107
55755
38186
95184
66648
9069
45535
26819
93283
19458
32977
2582
64831
28876
418
71629
22324
56235
89522
83569
96974
94288
33005
89008
7349
72687
96340
71554
85477
90419
2951
57607
88874
8747
41900
28908
54841
45346
34527
44493
61037
64460
90326
15220
37373
76733
95920
98143
91191
94132
60281
7648
80539
14196
6908
39646
21366
44595
19974
35768
14330
78250
42387
12170
22038
28813
4247
51208
59351
99414
35563
31399
21403
62202
33649
71483
69677
57565
23078
4891
62306
37569
43876
57441
68335
64153
97105
12269
35141
50267
78631
88777
47818
3956
15329
79591
21749
47606
10750
25671
80646
18989
92501
42709
9824
2927
5750
31215
39076
92497
33689
26244
5738
78614
89893
37591
25854
50722
76351
5955
50357
9645
99244
46777
55595
61108
85989
50116
15803
85033
6071
41358
77530
11370
42291
79611
73584
61903
56888
82387
36596
65949
36859
8445
92226
30551
19377
1095
6492
63189
52057
15554
17947
45964
47177
65386
20656
60909
15827
62084
68411
45738
92659
87072
83878
95538
71640
51645
53664
57150
65164
49964
91762
25412
25826
33772
32383
19561
52924
36372
41308
56916
14965
46512
88074
72765
22865
86275
38380
95428
96479
54475
78057
37662
169
97377
83296
54121
65784
95807
49315
66593
1158
1277
26930
43596
43329
2324
28724
45487
64089
76867
4788
40196
67175
6416
19414
89219
75513
29190
38036
37884
57566
31644
93690
32487
83787
15959
26906
70451
27655
45190
61901
89851
51609
62059
37703
72183
7244
66105
15062
13902
1821
84440
33014
33448
89601
35237
16595
62082
79445
24055
97501
67099
54723
51261
38241
99115
11565
30723
9066
65492
36314
3444
88755
65680
58426
96281
53831
27146
7480
22623
25079
73736
18075
87990
30424
64614
37848
45013
25047
48670
27512
70235
29497
81827
1698
91729
48595
66446
13381
6124
37154
85263
75779
19726
12648
23365
94717
65836
56997
31080
30423
42538
64622
69603
99048
28577
49100
55136
97633
98211
39539
41052
70807
66678
8221
90201
99023
8220
73827
69874
67941
21812
75639
71785
57848
87704
6689
18684
92629
66599
99220
87095
71007
38589
45868
88995
52536
63551
56647
42139
66735
44595
37437
18559
24486
5707
20317
70817
4862
53730
40837
63581
4257
12287
18813
86406
76940
8567
20369
3836
75511
48111
27210
26073
55971
55998
27111
5930
80670
87857
23773
56603
10966
64073
72808
17739
54488
70399
41773
57983
71619
35911
25422
83826
37390
58162
17672
14762
9875
30925
30093
20294
38103
24103
54489
52787
54742
51312
45235
17598
77968
69085
2338
54084
68682
20873
29833
63461
30370
28309
33505
502
57427
40815
76273
59798
4192
78416
39244
24120
65921
69183
85320
69024
18472
1236
75958
49033
83279
76375
72035
79330
27327
97799
90410
21561
23647
18038
22611
2991
24439
45137
15692
28268
85152
92414
46307
75467
51563
96286
94525
86006
14474
690
6614
56460
67039
31386
79285
24671
81055
18039
14187
81626
41474
67954
87785
82111
62921
50678
34139
62863
27949
62041
62692
88611
29120
44440
54903
46295
20930
33184
66159
2150
46659
90408
93772
70673
21807
63899
15082
25688
81019
75701
67872
9163
53291
90851
2034
44890
70397
43180
52628
45193
46293
60174
7515
63423
45574
58945
44897
81534
3482
45433
72021
12077
29023
76135
34909
27632
98926
41534
98505
24761
67160
61875
35285
76440
62287
37277
16091
71182
36174
48700
99826
46783
45862
70647
50535
34022
50982
84477
3190
41250
60807
90925
77605
2126
94929
19601
60221
2383
56749
61765
84102
66950
26921
89654
95806
92581
86561
15077
37174
31038
85232
34506
52906
32151
45298
38998
12346
94074
93141
70032
92457
82729
96156
18465
44305
30703
7919
28812
64001
28433
75235
28949
39381
67075
40289
85090
71760
55607
18070
56670
56313
30704
74775
47834
92943
49460
9358
69679
38025
30400
68229
76735
62831
16054
58414
39865
42863
91442
13708
48154
53085
47450
23298
57393
60810
9395
47382
923
99775
57616
16098
58349
9334
12390
92631
31120
81557
47547
17998
90471
32969
99004
67148
63660
56443
49070
47632
90136
55537
35996
33341
72577
98147
63663
43391
1757
52056
33564
87292
22533
29437
52151
22264
15062
79266
39301
87844
19633
62257
3151
92773
62305
48236
18034
80380
16668
30305
59763
87864
19491
72364
89457
24852
44004
60490
95731
91341
16351
11957
57472
13541
26181
92961
68941
79149
39675
16561
40432
24339
21183
59127
16532
94695
61858
28295
92454
21451
69619
50038
88843
48727
91677
12628
92692
37031
20870
88963
35210
75170
76344
86611
51780
29862
45821
38620
3415
21397
41251
35319
69549
13942
45535
80089
17294
12106
74958
95693
4699
52300
70486
87469
96218
34276
65066
73117
17195
17224
46253
92388
67896
81871
97070
29320
16747
57300
57618
66020
22778
68547
75216
92744
78654
54243
83189
19406
4002
7424
11816
45300
49622
31028
52423
56379
68482
91665
59952
34299
8728
91117
27484
14816
18114
39659
64293
40998
96283
83266
91273
57836
63194
94124
85254
97432
18216
525
46437
66631
95891
84734
84020
28303
92027
96149
53515
17523
57609
81459
10481
93282
70784
14793
74102
20876
41419
15336
60672
87618
94294
76516
8100
49865
27193
59972
96970
97115
2831
71464
32756
11034
133
14359
70647
42001
48365
67557
6887
89098
70642
87869
55633
54693
42246
67953
18369
98427
54711
98075
70500
12592
59073
20558
73224
79310
86653
92254
74336
97124
40118
72553
28452
5307
25788
31104
11541
94896
56434
7894
44893
59186
25186
23332
92821
66586
98512
81047
10464
40482
82059
34679
757
91588
22816
74612
10874
18544
22473
61071
75083
25609
19395
24354
38426
6492
78717
40429
89713
12158
54764
94974
42867
21890
4955
54780
56064
12371
46816
74640
76119
93492
5226
18545
91126
37010
7286
7723
86492
58178
641
97963
19824
43932
85592
35529
3355
27156
86827
27218
59151
79921
82720
23792
40459
80843
79235
44377
76919
15078
79611
79857
54602
50310
78968
30109
62347
6541
86505
40293
90196
24664
3242
82437
27410
23955
54714
35408
10281
80116
40874
59906
43509
15483
90289
54176
39019
25475
75229
24526
47965
13989
3909
5645
44413
27754
18329
12750
84345
97835
30043
93368
45156
94375
95847
4754
96726
34016
94412
16749
27113
82482
63711
95313
96548
59985
35877
66019
25621
76542
14318
5584
54583
20901
45025
54424
63924
88855
67058
2073
48099
79967
70641
63575
35570
95042
97020
43013
52831
59096
820
3443
24864
73378
80621
13429
2659
11463
24606
67691
20303
71695
32025
37970
27529
65114
60885
49958
37971
15102
5318
90642
77422
25500
70670
85686
92257
52734
38925
2036
43314
13327
89556
46647
78512
1655
97976
83712
2643
82257
71105
6382
4668
16554
96482
34025
43670
1688
30723
29963
64798
57973
3929
95148
42590
83095
61976
73673
14196
58894
77215
82897
64402
72217
46513
43979
53727
32965
70404
14182
61467
64099
35506
82559
86271
79588
79789
48041
18594
57491
54352
52828
7065
73168
36144
40796
62934
14245
82673
65733
14993
84806
57429
46960
66212
93450
96591
23621
55855
41280
58038
48381
28573
13776
63797
2834
80862
50608
89503
16037
43603
75103
56639
18124
17928
34114
17710
19190
78587
5144
56510
13212
54331
81531
50803
61510
62603
75638
63026
98647
64774
1533
86737
24983
20029
17550
57997
33179
28508
10371
56795
70066
81866
59920
6326
15694
3759
44543
39063
59661
96720
60933
69187
73508
12597
92672
10110
56231
63564
56592
13853
69911
13767
35888
67577
23656
15264
41552
10431
41486
43932
82031
1093
28612
78157
59706
21815
43256
89234
48571
25807
8694
70457
4000
85347
99696
64965
54506
80441
77639
30443
98606
78837
1048
41685
61132
19314
20742
69961
59049
55247
58719
86276
55339
49505
43278
74912
29104
40359
48797
71893
37964
22139
55493
3228
93021
97124
46708
67822
92588
95432
70713
71946
80547
55422
56494
85366
4165
82817
47523
14621
81934
385
78467
26583
98345
18260
41701
9158
95784
41514
74194
40700
24195
89982
51181
20378
9584
13352
59780
10068
3835
28431
93074
95696
7778
37980
78926
78029
18608
87529
58323
67392
20020
91257
91437
54841
39965
47041
73917
34020
42356
1284
78345
6092
58646
29180
4963
31642
49196
96692
97684
25819
2377
47347
89061
65951
67264
30418
64298
42653
56928
28143
21324
97973
24429
58650
7409
15566
87227
46284
40489
86493
89929
536
90456
57543
15704
27866
6619
60861
98119
57772
99865
22918
36429
38903
78119
67836
45778
34917
92664
3916
39913
26005
64479
93216
29870
43625
48611
99290
84440
64666
87614
45206
17563
13163
26481
48978
58590
54010
29736
84810
96340
31827
94021
56507
81496
3871
39564
12330
60586
9562
87403
62397
47072
737
95107
19078
95467
10410
77719
99072
88808
67662
36816
70930
77695
15809
4906
64529
35387
42563
92095
2787
37318
77774
45710
85693
24736
72655
26120
27629
7965
81970
48470
38292
75449
59287
45642
53451
9880
18049
97281
37382
86077
5484
81618
84246
20423
59102
74742
75657
6851
72822
13140
19084
86578
76129
44615
57040
74713
59148
6542
11402
287
31828
34192
93749
84774
29785
36457
48050
13225
63697
2006
72463
57230
6552
49625
9606
91751
47877
57321
13212
53483
92345
77658
19754
20717
51248
89444
20216
11350
14809
73490
2117
75651
49538
44106
8356
56317
45549
19572
79424
50577
68319
2472
78847
19788
43991
17113
93029
26229
79132
85848
65456
99911
31086
67622
64128
50665
74175
54777
74233
95883
57499
76714
9377
79743
27298
21433
98661
94674
22934
88478
8888
42278
15791
67117
74651
69229
29548
56325
82423
82724
38021
76981
21831
49353
62076
12811
86995
69147
73457
72891
93015
19117
84180
90664
97923
16454
77238
22002
92731
57720
58520
99676
35359
82042
87237
84696
997
27717
95004
98802
81537
68936
40901
78166
28230
55528
52324
9598
80935
11319
42923
35900
81559
29807
21898
7425
65230
25451
65634
2792
79564
9379
67320
31393
55224
90243
79589
16093
19298
76582
51945
84243
86663
80116
12511
1710
20722
68149
42028
78643
74847
74193
92017
23570
46011
30278
99104
27592
36295
8388
23244
9646
66364
87976
74905
66595
96872
25811
35730
60945
44310
79783
55385
90814
27788
10173
64921
18257
85230
32230
83191
3326
39807
34780
74855
4272
76104
55940
20667
47538
21201
98403
6294
19194
59725
81050
17855
66003
49682
20607
95345
1030
74917
42041
96687
1924
8852
5912
43317
65939
34045
48398
6537
92626
78541
25134
12785
96202
94338
87456
79582
10035
57169
65694
99013
12640
1860
11982
63534
96232
47547
88763
39110
7538
97171
72434
82095
54460
87044
64727
53432
6344
69925
48642
60423
8388
20202
71514
62962
48916
13741
77611
39661
14782
44203
46247
68701
36466
85445
2263
89131
33460
97798
7548
757
6855
34117
99014
91518
19704
67552
40847
77830
94276
17960
36853
83700
66087
37148
43283
94895
3362
98862
65564
20332
12424
32514
55699
93154
96901
21620
12873
96377
5868
15608
42387
59905
28475
573
10888
57503
89613
2763
60436
4642
94332
32460
42908
14100
99984
14183
47695
47596
21289
66151
85668
88896
91173
21786
46486
58871
21166
17429
59417
69181
40547
69205
57879
84527
78721
88352
78380
87990
22830
92458
14426
75985
80451
33236
41546
28683
1779
56142
18048
80236
78684
89469
30969
34764
95976
44920
48228
98913
39904
75596
8250
32345
5774
14208
40251
3235
27406
23731
18887
11144
14289
37504
89141
85304
11213
67843
35731
25470
58244
17142
80443
32341
10350
28629
62222
34804
91238
29024
35057
16004
18159
5630
77184
4147
3041
89725
73107
96385
54900
88056
93644
98552
44679
76306
80313
12632
40942
7007
53868
66064
60470
82626
64852
46665
277
93873
87928
69852
88787
24533
41584
63524
5647
2541
53664
84590
89040
1681
6386
29581
81321
10612
46415
24970
64199
27587
41114
54072
90202
27627
13384
41221
46685
56727
62079
70797
75972
86230
55306
14089
84802
64411
40407
95397
70164
89726
48334
51983
31054
37088
80494
77066
85055
8268
93221
57378
78179
46744
80875
91067
1157
49099
10748
54018
49391
53368
88560
48485
97648
4617
46873
75582
49416
87703
70137
22922
3123
96757
33373
46136
57711
80013
76345
1981
72588
13730
84801
80581
14160
39477
97826
23076
68676
22627
32571
3946
59710
25386
33531
60756
49483
97996
55256
91455
37849
60461
53897
40504
69854
99447
34465
76239
63273
25789
69640
26506
21315
17884
20120
84822
39905
90877
13457
70872
23593
55606
7609
21313
79711
30097
30388
7712
29515
66053
61723
10705
21512
97504
21180
25619
35819
29414
5647
66296
36206
64211
62000
91573
55416
49788
1789
40889
1227
31668
8205
75931
91722
76426
96203
40939
91941
67472
59470
3627
72419
86678
94839
47991
77130
10485
71111
7679
2989
78632
90490
41589
26835
93684
32675
8354
29312
70760
73348
69939
5090
70847
87691
21392
37722
81506
36964
71437
15045
3819
91391
30970
52678
97637
23647
21301
57458
27855
86236
27487
3896
57119
35350
50828
90219
38947
50774
15668
44173
40706
82114
19046
73466
85601
55933
1949
35661
4514
65497
22026
62131
19015
78138
40432
24426
64789
67464
80719
7446
70067
5968
31000
76928
45617
21656
82144
15275
95973
24413
59984
53781
31248
58475
11352
13542
39263
66296
93284
57144
4302
24957
43174
36162
71944
21202
77171
39779
8265
89253
37418
61992
49508
50551
22863
93626
17760
81075
96534
81959
18813
94028
17818
88971
27445
86161
38413
3962
76669
28464
6922
69773
91370
77572
88294
40679
22193
67356
20357
36547
98855
69130
16457
18076
76615
71973
86949
38296
40882
82556
38800
53746
31728
78966
22485
36835
92660
23563
76199
64716
29310
29624
28274
69538
71162
11779
42093
47670
69958
81452
30699
39040
94098
83468
9808
75911
19647
53517
97505
37744
29961
18598
49588
47233
97729
17297
49607
5809
38387
81418
92364
95886
14247
91558
89154
56234
60483
99374
51743
97122
5037
34294
11273
77292
11885
25759
2244
72701
25361
38149
1061
26965
96555
77861
53029
4328
14293
44431
41554
43625
10037
35204
46336
47220
95643
60173
7132
11992
53447
48279
92000
35488
53895
61870
61858
19389
60126
53205
82984
28818
7809
54592
52470
64955
32634
69838
49256
8858
80
97670
23355
93983
24862
44844
44197
7508
36287
16480
24773
2723
78795
87092
16789
20420
70426
59784
77404
24102
38504
91428
11968
92249
30738
37649
56312
68246
42236
1268
62400
22124
6932
74024
22950
71496
9489
74519
88289
92064
13622
98005
1249
51836
37555
81721
91905
80769
24778
99992
58233
53787
27119
61120
55536
28167
27304
49998
97007
16570
24372
2732
44401
28274
55592
66795
19382
57111
73236
36152
14295
31788
42117
63646
85587
53240
66659
98265
19848
91916
19514
11666
13438
74897
34647
68476
60381
21231
76904
61737
88767
68700
99974
61705
85247
67807
82222
69889
58865
82880
48330
2180
90347
78574
27439
99792
60545
38380
68448
63400
91055
59193
3855
22729
59663
71578
95011
97452
45962
6662
4854
47767
48843
88782
61173
67424
44431
11720
25003
30079
82425
80599
65911
72814
36322
28632
26969
18944
98925
17130
95052
25723
27256
12859
80653
12691
31311
94060
43705
14852
69787
83232
71893
28460
39672
99206
13671
47748
58020
74720
52354
65113
6963
41808
80703
79882
72447
27582
40230
36064
8764
40040
84204
8933
71370
96711
13334
42498
98723
85529
91676
64666
60213
85841
35593
93564
68906
74775
39551
19721
12226
52733
407
11523
34242
41663
66054
96109
20806
78998
74843
33669
41906
83481
51812
2458
49382
35536
74641
13932
52495
98519
78864
55103
56698
40012
54423
69403
74692
83541
20481
12004
96366
66769
68463
9360
93164
70393
92240
79082
85211
16466
40507
24771
5906
72498
50425
78511
15250
94316
95328
38723
26583
2362
92601
67593
99345
12454
27235
52957
1548
97877
66897
68296
89610
96496
89102
47446
46451
30512
5953
6198
69507
28166
18507
2669
57570
10213
66221
26456
96720
50861
20071
20860
3903
47444
47419
62251
25883
88818
59056
38294
77828
39625
38387
42761
23356
85583
41815
43656
65212
76218
76701
42404
57889
97799
63023
4953
99812
44935
69318
31847
78887
25607
16171
63083
78954
89722
47962
19770
19838
84005
47843
95418
69329
28199
37355
89020
13864
91458
88463
5849
13195
18538
62632
17160
29881
79785
72298
31642
9212
62061
49766
23730
19480
26735
54864
73988
84701
84609
27771
77897
64253
96019
46591
23228
14359
26273
61181
8436
70512
17533
54137
93247
86339
52532
59622
83255
73808
72576
9856
28483
50544
60842
74163
99309
18249
85145
10841
79195
43772
95835
42240
75405
64828
25071
44521
53010
87769
24909
44013
28454
37850
44563
62554
40204
78378
3085
53435
68484
18569
62719
50294
38858
54691
57842
27951
82283
70909
2873
18026
67716
85803
69918
15438
35928
93087
36238
92804
80750
46461
58974
89759
20101
17033
26233
35093
33269
48898
61927
67724
58244
94728
32443
85808
6369
3672
24313
11040
76800
71512
27842
29096
26035
1678
92893
44873
79425
843
87364
65717
78917
34661
78344
45655
12838
19170
81986
24239
81454
86640
86648
88059
21930
83089
19752
59185
78749
24340
84851
22888
22369
39647
72873
13015
72795
16744
14541
9173
89850
71043
67812
97152
22603
39861
82112
50681
83164
14408
90563
30796
41675
91607
12946
61677
55786
41641
76633
43070
11506
7418
99029
77005
91553
92277
44673
38074
66738
35518
36640
64535
90327
56267
18819
5384
62421
73939
59512
71721
7867
14815
78896
37263
19168
1469
26987
5958
47545
85395
30723
58266
89236
4400
37009
77874
6869
38526
18975
45782
46058
50644
19659
49745
45612
69960
13749
93201
91637
88578
10214
69291
70904
67467
11709
41340
23073
71364
18294
61803
44938
30131
77785
9386
32215
46008
89085
9050
2352
90174
91063
42958
75608
45358
51587
39720
37454
16253
54541
50752
98431
15877
87677
63587
36806
48625
11069
56536
49826
63409
9096
19262
78706
54446
43056
74001
4303
7703
20140
81803
35142
93210
54204
82791
43761
7375
20731
96929
14417
37934
28064
1049
57673
10561
40113
64694
81498
68116
25701
29255
68887
56904
29619
24548
5828
42055
24348
74548
464
45809
39794
96808
41740
7797
39012
82340
63335
18044
83367
51198
85671
53952
11362
17375
93350
82778
21686
54054
49383
60344
28360
55692
18035
68236
71725
24706
39957
76994
71313
5622
59502
80682
66531
82741
62517
74707
64352
29002
75023
7641
84411
93764
36422
66005
85862
79574
66058
16147
35904
79160
71617
32673
1339
82507
39372
7843
37544
75418
85719
84483
95522
44028
19932
1445
76691
47925
9014
33945
80007
39772
54877
98506
91179
70776
36354
83603
53313
38723
92776
94641
2084
66801
28893
16788
62610
41897
72052
81455
51994
72018
11169
42927
67651
63273
15536
99528
31095
90638
52322
78890
73707
76767
6053
48915
94636
18076
8078
58462
7847
18794
44534
29177
99284
98579
55278
62964
96448
15722
67488
42869
64630
27276
22212
88745
43594
98114
1468
91061
15458
75299
85069
24266
51681
97303
72858
52087
25616
66518
48350
15352
11659
26702
78246
76684
51558
88643
55753
70021
10234
57937
63173
92889
88336
35918
11671
61525
46857
29899
1813
19024
96807
14488
37196
66237
48988
27527
4466
17691
73133
4904
98599
43239
8578
68532
42669
28081
27149
58278
28321
90892
79380
56771
13557
62494
74525
38746
90187
9303
45301
89255
2160
9663
91804
53329
18162
70792
33489
72499
8223
94019
46582
76984
64444
1102
92192
35775
4063
52235
91581
27166
54538
57516
65601
89795
77669
40297
74223
73494
59062
97684
49569
44986
83743
59588
81877
39570
29300
52366
37716
64288
36279
38067
9215
39848
19122
33106
79160
38004
62320
43421
9290
87057
9081
97705
76150
22518
45545
6239
4860
7044
34123
64623
75042
10313
84375
42565
62276
30623
15173
15347
31544
30162
10860
58990
24700
5438
74140
98453
2495
65302
3156
92076
33736
73857
50305
71335
94503
10559
92468
20257
33751
5322
25983
62701
90892
71800
82700
48867
50526
6428
72505
20412
95730
98796
33812
27705
71170
90621
46414
26941
77320
906
40767
8092
27820
22132
37399
395
19303
32771
51900
19094
36468
907
38629
12464
65362
64554
45714
58789
61496
79021
32709
28204
81526
61170
34785
57976
52003
54153
14653
56494
35656
98195
80197
51056
40073
19916
90158
65528
76651
27942
67156
37248
2727
65610
40754
26910
49097
22947
97724
66958
29285
13590
79964
53383
3863
85833
69096
55535
43285
91269
1149
96394
19219
53174
21114
45742
11155
60399
75355
96434
18631
9610
29071
83237
84452
46189
88121
30682
71045
43017
3520
40801
42905
78939
79379
77777
75338
52373
72477
87746
68811
78679
93760
88855
72061
12375
44817
6424
3422
28512
39504
16189
2734
20950
74179
90951
60543
6903
4206
17705
39705
87677
3793
78883
77832
89313
91645
22959
2691
77625
63604
37652
97305
48258
62492
12632
9465
58009
95488
28211
26206
49794
46212
8350
68213
82220
54402
75370
90989
33324
9990
1646
55066
87269
1250
70680
94182
12106
14127
69348
7733
23610
40001
29514
98003
76554
63429
84978
86684
77600
44665
87202
51463
92411
98280
5272
60624
12880
65377
32564
4033
26640
62964
90349
95068
64677
48040
5283
45223
83291
55611
96372
81845
14555
85239
20488
20333
17458
55502
7527
9337
96401
15378
24011
25134
47790
44274
52048
91666
78983
97237
91207
25519
77447
43404
34858
94514
74016
32920
34378
70752
21432
23032
89284
59254
72129
53164
32978
48316
36224
19083
41341
78245
25104
56797
21648
68869
97119
4438
55176
23312
98869
60368
26632
55755
95444
86339
2410
47569
63899
4324
96719
98916
98469
76439
32438
9422
21391
83538
34891
44466
68407
23888
42231
8628
4928
27599
97590
61122
5521
48359
8742
25598
74141
935
26395
37609
34973
75245
25903
90125
86970
74945
49719
34791
94631
10415
1937
17391
69674
89055
75033
4901
16635
47763
96314
83738
2597
64444
90209
41304
3978
57401
70734
91407
44356
89486
67428
59549
76453
81437
8160
67385
32127
80451
78886
73757
24576
54673
13910
95821
21590
12133
4766
16520
68528
59237
10185
17450
49861
42808
63157
76955
49869
57121
514
39384
3469
52152
44710
62492
21904
32487
20894
99562
25041
36062
79775
32442
49558
66515
52043
3229
30486
51193
34686
27279
70682
69212
21448
82105
18433
4695
65749
53983
71486
97970
48328
59372
87164
89403
97062
32536
28130
9983
74831
52916
12978
96326
36039
91890
93515
28008
52626
79443
91694
5776
26623
69486
23805
64651
80219
47194
39487
45997
29542
46265
76705
93408
69475
76801
54647
37386
15272
66695
37631
76314
17238
70538
34278
80046
68098
89114
26948
84069
3442
83491
50211
42076
8067
12538
33917
9511
81799
50594
73027
38029
73740
42907
96570
55360
59703
14313
77791
53304
30992
53436
14476
96204
2487
61313
45106
49356
47092
20868
56614
34333
47340
34240
19352
77330
1808
50437
86590
93091
57743
11461
74640
57773
10315
52987
42093
99654
97033
33976
90171
21371
89858
29995
26955
54568
53559
64972
90586
84754
93921
95814
66643
16869
50598
20767
48435
19206
45288
18757
22533
65748
16215
77558
93899
3231
41607
2540
61374
19876
4796
44035
74252
53861
36193
19913
51553
52770
82104
24385
51457
34422
27212
787
63601
62032
77859
13587
48597
36619
8815
66509
56340
69197
4259
14250
2840
17497
43171
25378
95473
82161
90292
8254
44953
78155
16530
30984
60178
35790
34049
35826
55244
39370
65563
29919
7554
89106
80903
12914
51300
91223
38091
37329
63888
56066
41368
93333
41625
96045
51684
46161
16362
82718
885
95901
55012
67937
78361
47902
57634
28609
89971
70003
26462
18403
23984
27870
14380
71200
73879
65069
77796
45597
10046
5573
11005
85800
5785
9066
92405
55568
76462
73645
47277
64673
8548
70803
76593
27675
22298
54493
4245
70799
27508
7545
17691
45270
52047
48741
91250
61165
28022
83227
23032
34000
31245
7261
1727
26162
57515
24862
70350
16854
63205
53483
67038
46702
44548
90229
73893
72205
27448
52539
57904
11275
87591
45240
32520
51029
15294
58022
14423
2125
8
83470
64997
28069
82300
40398
49595
83924
99600
47173
44776
51091
63116
47550
92993
76375
60698
71766
19267
8651
86809
69931
79253
68553
51760
12964
9225
71445
83743
70359
52801
31733
61553
78011
24974
61297
21199
29323
54067
39267
8814
33810
75560
5627
74376
56473
84411
28018
77224
39211
82128
78857
46687
5666
11017
65630
57907
65136
81857
64873
30967
63051
68371
21977
31830
83733
51352
52230
16297
89255
16332
91123
70024
92986
95986
60450
54397
34098
89902
61747
71668
20104
10416
56987
68719
78642
2225
64957
10741
48273
53013
97191
7562
7126
47953
78124
94778
67761
56230
66329
72815
38520
58347
75414
65507
31249
12777
15068
37135
79741
98943
74189
38049
53088
88614
89396
87116
60465
4687
78042
96089
43066
56585
60738
92476
59692
91710
7810
993
12131
6397
96670
70757
80145
83154
26947
82402
14154
85265
2332
70242
6028
4722
77684
38004
16104
19159
87786
50139
50417
85449
42442
6276
49856
3263
93005
82256
71970
69440
49263
52624
99135
68992
65065
78095
94663
87495
14187
26057
90298
87151
71032
26457
49940
85548
89405
3951
31700
43910
19343
22209
14312
40417
4192
38520
30391
97790
82174
10988
25898
64442
35080
78506
28344
44244
91086
13745
53228
50284
15812
53404
24309
14695
93538
51193
94026
50415
28827
52472
5752
96567
46392
90368
81865
91261
87761
67931
60274
4360
86855
57202
37370
85168
82433
70291
7138
69244
32449
31086
27478
87847
6625
73855
17102
79388
22096
64230
28929
33953
12547
17011
47079
5840
46682
47740
93480
70911
53200
11761
39591
18369
77278
99718
53445
17286
2477
61647
40211
59741
9653
69515
15927
3258
50647
26839
45786
94227
8532
68676
11629
41060
71912
3362
20469
31442
34119
95803
21914
86669
38930
2844
28679
20910
5141
91278
16191
8928
3488
1155
41629
55675
20224
77484
3589
86091
1689
37543
25421
95407
5315
79446
97698
89981
17055
84619
60472
99908
27444
41887
41457
59337
11849
68770
74793
52179
64097
64748
22396
27170
94959
66386
94933
21081
724
18037
19891
71676
47580
53076
10554
92213
75313
38881
34676
70481
92922
88081
6018
91463
1109
64557
22947
5369
17548
87526
67679
55059
62550
59013
29776
65936
85421
75456
86734
64091
98503
82313
13462
85363
9043
5889
80246
50440
88562
73897
80407
85986
47120
65017
61223
94018
51389
25161
10883
93152
54189
97932
31326
21266
34248
26493
62832
77966
50414
37874
39293
96838
5675
65421
8864
28051
51411
39378
99348
38605
74906
3794
736
92598
71506
88869
56893
53494
95650
14551
8133
29729
32032
57625
81113
69301
95787
76696
79662
21728
41351
50027
14710
46270
19189
3109
12903
64959
32750
13579
63274
74983
63645
24192
72033
56656
75734
56443
43862
64234
34007
76794
93693
34242
22041
82864
66181
96032
92850
50458
87488
81450
48171
51983
69036
55814
65017
36213
53821
72029
48475
3856
777
955
62702
56086
64976
7283
14416
79166
34214
19264
98863
69943
29791
43686
4589
6965
77206
43734
44307
83046
6553
54928
39375
25154
78004
88899
97483
17665
51832
67312
61419
81574
43880
58957
43043
56569
51392
60325
99059
77331
72451
15100
79424
3794
71231
56336
11023
69613
39391
87932
71265
28769
28013
63510
17478
34921
12673
54136
11775
18348
91723
52828
97588
18576
41337
78496
77071
78317
90469
84425
45395
53725
41951
54787
34076
14703
29490
5606
30740
39258
54517
91637
42223
58095
89392
78912
39268
66951
21289
68842
66185
4443
90314
72229
41834
93779
35473
99480
47685
72502
19796
38498
70885
29984
97614
18041
14232
99154
20811
38859
76527
86530
44556
65926
90611
34515
93079
57747
33246
4704
40926
25980
1181
48210
2474
29870
66496
70737
86339
87258
634
7767
62239
38774
47740
47872
53926
31521
41449
86270
38238
10307
15413
21545
26103
9490
59103
78387
60628
72753
14568
86169
84532
97555
49966
28501
36445
92989
27274
11920
73701
35914
94562
48982
37660
26152
20588
37058
46361
6207
26817
85432
73055
78866
26969
67761
90155
41950
18216
28753
95517
53631
50004
50836
25057
12498
80466
46471
24089
53397
90173
63956
79048
95979
96242
19349
86686
14076
28714
7561
31867
73016
29173
5540
43810
20092
57935
79616
43516
97901
80866
43090
47109
77410
98392
504
87671
99934
61499
47374
36912
25114
11212
28639
98275
23105
91740
73241
70393
71317
78473
65305
48225
89296
57464
65733
42043
59429
71596
49529
71901
29188
22017
7609
19552
46396
23112
99366
20842
43418
44031
43084
53240
15984
63563
39511
48840
2098
8181
48613
29217
50681
52990
32215
10591
72490
24512
61409
63
68593
28067
9633
64675
38982
77945
72908
29058
84850
45463
4292
59151
49611
50256
38822
73060
35227
15567
73247
23948
24607
18736
50271
36010
3563
37436
54821
83273
6571
30464
90874
77312
19748
22857
51802
46817
53016
66942
32877
57055
25129
17241
18037
52378
26037
43171
58719
34953
42271
58059
17563
75810
9486
39971
30953
73736
24079
99832
4841
23282
12118
81292
82581
36084
66338
27409
80779
86989
75454
42467
43425
69964
27011
54339
7229
13375
42459
5868
97597
44217
66112
49876
39344
13215
76803
47009
30312
7312
60809
36485
15431
82767
99856
86039
35830
